[[ 1.          0.77172751  0.          0.          0.          0.        ]
 [ 1.          0.90362947  0.          0.          0.          0.        ]
 [ 1.          1.03843653  0.          0.          0.          0.        ]
 [ 1.          0.66673121  0.          0.          0.          0.        ]
 [ 1.          0.60327078  0.          0.          0.          0.        ]
 [ 1.          0.          0.75045888  0.          0.          0.        ]
 [ 1.          0.          0.85307083  0.          0.          0.        ]
 [ 1.          0.          0.97826263  0.          0.          0.        ]
 [ 1.          0.          0.64835626  0.          0.          0.        ]
 [ 1.          0.          0.57955548  0.          0.          0.        ]
 [ 1.          0.          0.          0.78132     0.          0.        ]
 [ 1.          0.          0.          0.68314435  0.          0.        ]
 [ 1.          0.          0.          0.58794642  0.          0.        ]
 [ 1.          0.          0.          0.87594353  0.          0.        ]
 [ 1.          0.          0.          1.004492    0.          0.        ]
 [ 1.          0.          0.          0.          0.7624594   0.        ]
 [ 1.          0.          0.          0.          0.89177418  0.        ]
 [ 1.          0.          0.          0.          1.05700992  0.        ]
 [ 1.          0.          0.          0.          0.65936081  0.        ]
 [ 1.          0.          0.          0.          0.58275967  0.        ]
 [ 1.          0.          0.          0.          0.          0.74435253]
 [ 1.          0.          0.          0.          0.          0.85698299]
 [ 1.          0.          0.          0.          0.          0.98173302]
 [ 1.          0.          0.          0.          0.          0.66949901]
 [ 1.          0.          0.          0.          0.          0.59803368]]

[[-3.1]
 [-4.3]
 [-4.6]
 [-2.6]
 [-2.2]
 [-0.8]
 [-0.8]
 [-1.1]
 [-0.3]
 [-0.1]
 [-1.8]
 [-1.4]
 [-1.2]
 [-2.2]
 [-2.8]
 [-3.7]
 [-4.2]
 [-5.6]
 [-3.1]
 [-2.6]
 [-1.4]
 [-1.8]
 [-2.1]
 [-1. ]
 [-0.8]]

 Solution
[[ 1.18811528]
 [-5.71357902]
 [-2.37594773]
 [-3.9012864 ]
 [-6.3465493 ]
 [-3.39066907]]